"","user_id","order_item_id","item_id","item_size","item_color","brand_id","item_price","user_title","user_dob","user_state","return","delivery_duration","user_maturity","price_and_age","avg_return","nr_obs","order_year","order_month","order_day","reg_year","reg_month","reg_day","del_year","del_month","del_day"
"user_id",1,0,0.44,0,0,0.07,0.05,0.07,0.08,-0.01,0,0.11,-0.25,0.05,0,-0.3,0.4,-0.11,0.02,0.47,0.1,0,NA,NA,NA
"order_item_id",0,1,0,-0.01,0,0,0,0,0,0,-0.01,0,0,0,-0.01,0,0,0,0,0,0,0,NA,NA,NA
"item_id",0.44,0,1,0.06,0.01,0.17,0.18,0.02,0.01,0,0.02,0.23,0.14,0.18,0.02,-0.06,0.69,-0.25,-0.02,0.23,-0.01,-0.01,NA,NA,NA
"item_size",0,-0.01,0.06,1,0.2,0.23,-0.26,0.01,0.01,0,-0.11,0.03,0.01,-0.26,-0.08,0.04,-0.01,0.04,0,-0.01,0.01,0,NA,NA,NA
"item_color",0,0,0.01,0.2,1,-0.01,-0.14,0,0,0,-0.09,0.02,0,-0.14,-0.06,0,0,0.01,0,0,0.01,0,NA,NA,NA
"brand_id",0.07,0,0.17,0.23,-0.01,1,0.05,0.02,0.05,0,0.02,-0.02,0.02,0.05,0.01,-0.02,0.01,0.09,0,0.01,0.04,0,NA,NA,NA
"item_price",0.05,0,0.18,-0.26,-0.14,0.05,1,0.03,0.02,0,0.14,0.04,0.01,1,0.11,-0.08,-0.01,0.08,-0.01,0.01,0.02,0,NA,NA,NA
"user_title",0.07,0,0.02,0.01,0,0.02,0.03,1,0,0,-0.03,-0.01,-0.07,0.03,-0.04,-0.04,0,0,0,0.06,0.04,-0.01,NA,NA,NA
"user_dob",0.08,0,0.01,0.01,0,0.05,0.02,0,1,-0.06,0.05,0,-0.09,0.03,0.07,0.02,0,0.01,0.01,0.07,0.06,0.01,NA,NA,NA
"user_state",-0.01,0,0,0,0,0,0,0,-0.06,1,-0.03,-0.01,0,0,-0.04,-0.01,-0.01,0.01,0,0,0,0.01,NA,NA,NA
"return",0,-0.01,0.02,-0.11,-0.09,0.02,0.14,-0.03,0.05,-0.03,1,0.03,0.03,0.14,0.7,0.03,0.04,-0.04,-0.01,-0.01,-0.03,0,NA,NA,NA
"delivery_duration",0.11,0,0.23,0.03,0.02,-0.02,0.04,-0.01,0,-0.01,0.03,1,0.02,0.04,0.02,-0.03,0.19,-0.12,-0.01,0.07,-0.01,-0.01,NA,NA,NA
"user_maturity",-0.25,0,0.14,0.01,0,0.02,0.01,-0.07,-0.09,0,0.03,0.02,1,0.01,0.04,0.21,0.11,-0.03,0.01,-0.83,-0.4,0.02,NA,NA,NA
"price_and_age",0.05,0,0.18,-0.26,-0.14,0.05,1,0.03,0.03,0,0.14,0.04,0.01,1,0.11,-0.08,-0.01,0.08,-0.01,0.01,0.02,0,NA,NA,NA
"avg_return",0,-0.01,0.02,-0.08,-0.06,0.01,0.11,-0.04,0.07,-0.04,0.7,0.02,0.04,0.11,1,0.04,0.04,-0.04,-0.01,-0.02,-0.04,0,NA,NA,NA
"nr_obs",-0.3,0,-0.06,0.04,0,-0.02,-0.08,-0.04,0.02,-0.01,0.03,-0.03,0.21,-0.08,0.04,1,-0.05,0.02,0.01,-0.22,-0.09,-0.02,NA,NA,NA
"order_year",0.4,0,0.69,-0.01,0,0.01,-0.01,0,0,-0.01,0.04,0.19,0.11,-0.01,0.04,-0.05,1,-0.79,-0.05,0.32,-0.15,-0.04,NA,NA,NA
"order_month",-0.11,0,-0.25,0.04,0.01,0.09,0.08,0,0.01,0.01,-0.04,-0.12,-0.03,0.08,-0.04,0.02,-0.79,1,0.02,-0.21,0.24,0.03,NA,NA,NA
"order_day",0.02,0,-0.02,0,0,0,-0.01,0,0.01,0,-0.01,-0.01,0.01,-0.01,-0.01,0.01,-0.05,0.02,1,-0.01,0.01,0.3,NA,NA,NA
"reg_year",0.47,0,0.23,-0.01,0,0.01,0.01,0.06,0.07,0,-0.01,0.07,-0.83,0.01,-0.02,-0.22,0.32,-0.21,-0.01,1,0.02,-0.04,NA,NA,NA
"reg_month",0.1,0,-0.01,0.01,0.01,0.04,0.02,0.04,0.06,0,-0.03,-0.01,-0.4,0.02,-0.04,-0.09,-0.15,0.24,0.01,0.02,1,-0.03,NA,NA,NA
"reg_day",0,0,-0.01,0,0,0,0,-0.01,0.01,0.01,0,-0.01,0.02,0,0,-0.02,-0.04,0.03,0.3,-0.04,-0.03,1,NA,NA,NA
"del_year",NA,NA,NA,NA,NA,NA,NA,NA,NA,NA,NA,NA,NA,NA,NA,NA,NA,NA,NA,NA,NA,NA,1,NA,NA
"del_month",NA,NA,NA,NA,NA,NA,NA,NA,NA,NA,NA,NA,NA,NA,NA,NA,NA,NA,NA,NA,NA,NA,NA,1,NA
"del_day",NA,NA,NA,NA,NA,NA,NA,NA,NA,NA,NA,NA,NA,NA,NA,NA,NA,NA,NA,NA,NA,NA,NA,NA,1
